image_width: 1920                                                                                                                    
image_height: 1080                                                                                                                   
camera_name: realsense_rgb_camera                                                                                                           
camera_matrix:                                                                                                                      
    rows: 3                                                                                                                         
    cols: 3                                                                                                                         
    data: [1340.4504, 0, 954.4843, 0, 1343.7678, 585.957 , 0, 0, 1]                                                                 
distortion_model: plumb_bob                                                                                                         
distortion_coefficients:                                                                                                            
    rows: 1                                                                                                                         
    cols: 5                                                                                                                         
    data: [0.055176, -0.3321, 0.0055517, 0.0012447, 0]                                                                              
rectification_matrix:                                                                                                               
    rows: 3                                                                                                                         
    cols: 3                                                                                                                         
    data: [1, 0, 0, 0, 1, 0, 0, 0, 1]                                                                                               
projection_matrix:                                                                                                                  
    rows: 3                                                                                                                         
    cols: 4                                                                                                                         
    data: [1354.4914, -11.8151, 934.3773, 30827.7543, 10.9935, 1337.7153, 599.5451, 226.8369, 0.014868, -0.010207, 0.99984, 0.60034]
